TRAIN_RGB/1460105322_1756a2ed7f.png 7 24 187 182 353 2 1.000 125 117 289 321 2 1.000 280 177 355 275 2 1.000 306 47 462 246 2 1.000 445 47 497 143 2 1.000 246 42 326 162 2 1.000 84 36 248 151 2 1.000 
TRAIN_RGB/2009-09-15_23-09-46_utc-strawberries.png 10 7 100 94 214 2 1.000 80 34 149 118 2 1.000 198 47 279 130 2 1.000 302 87 385 159 2 1.000 406 26 469 93 2 1.000 301 29 348 79 2 1.000 416 213 523 269 2 1.000 464 257 539 326 2 1.000 524 292 599 327 2 1.000 575 250 691 324 2 1.000 
TRAIN_RGB/3007.png 5 253 159 340 249 2 1.000 455 74 501 143 2 1.000 488 106 517 151 2 1.000 449 29 499 70 2 1.000 76 106 131 155 2 1.000 
TRAIN_RGB/6497592197_d4a363c418_b.png 2 130 535 288 728 2 1.000 332 595 530 818 2 1.000 
TRAIN_RGB/8.png 11 6 500 140 657 2 1.000 107 582 264 714 2 1.000 191 426 401 615 2 1.000 392 469 589 685 2 1.000 592 467 762 621 2 1.000 734 499 879 640 2 1.000 770 393 930 531 2 1.000 729 247 884 395 2 1.000 867 87 1016 265 2 1.000 546 123 645 218 2 1.000 474 65 641 163 2 1.000 
TRAIN_RGB/DSC_0041.png 4 210 376 332 488 2 1.000 198 298 309 389 2 1.000 115 352 213 446 2 1.000 180 269 276 330 2 1.000 
TRAIN_RGB/Dalat_Strawberry_garden.png 27 455 240 531 362 2 1.000 547 218 583 257 2 1.000 445 186 489 266 2 1.000 383 236 453 346 2 1.000 397 321 472 411 2 1.000 342 287 409 377 2 1.000 305 302 362 410 2 1.000 272 291 314 386 2 1.000 358 195 396 244 2 1.000 292 224 345 274 2 1.000 254 155 295 195 2 1.000 251 279 291 335 2 1.000 212 294 265 348 2 1.000 213 79 241 120 2 1.000 137 141 180 202 2 1.000 133 215 164 282 2 1.000 144 239 174 287 2 1.000 106 267 147 325 2 1.000 106 227 136 265 2 1.000 81 233 114 278 2 1.000 54 204 94 242 2 1.000 53 241 81 286 2 1.000 30 247 57 274 2 1.000 38 164 67 199 2 1.000 36 200 66 239 2 1.000 18 169 40 200 2 1.000 216 197 241 230 2 1.000 
TRAIN_RGB/FARstevenson_6.png 19 468 270 511 309 2 1.000 497 262 552 328 2 1.000 553 230 611 292 2 1.000 542 170 575 241 2 1.000 543 120 610 175 2 1.000 426 129 494 188 2 1.000 397 184 498 283 2 1.000 434 276 500 341 2 1.000 400 80 473 147 2 1.000 209 180 290 269 2 1.000 167 197 230 270 2 1.000 144 170 186 217 2 1.000 76 154 154 248 2 1.000 36 155 90 210 2 1.000 44 99 90 147 2 1.000 79 89 147 137 2 1.000 153 105 199 172 2 1.000 186 82 238 144 2 1.000 211 40 259 111 2 1.000 
TRAIN_RGB/IMG_0954.png 10 456 144 613 293 2 1.000 565 214 694 361 2 1.000 598 436 793 632 2 1.000 805 488 966 609 2 1.000 826 594 1013 729 2 1.000 441 461 584 590 2 1.000 464 326 597 456 2 1.000 304 472 464 594 2 1.000 217 408 311 471 2 1.000 114 410 193 481 2 1.000 
TRAIN_RGB/IMG_5392.png 3 51 187 149 298 2 1.000 445 186 516 274 2 1.000 386 38 444 115 2 1.000 
TRAIN_RGB/NC-Strawberries.png 7 143 230 342 468 2 1.000 283 377 436 576 2 1.000 402 304 573 517 2 1.000 367 468 535 643 2 1.000 840 528 992 651 2 1.000 952 291 998 398 2 1.000 152 429 323 631 2 1.000 
TRAIN_RGB/PickYourOwnStrawberries.png 8 187 53 348 212 2 1.000 304 125 439 283 2 1.000 435 181 497 293 2 1.000 141 222 245 345 2 1.000 38 161 149 291 2 1.000 137 99 197 186 2 1.000 8 61 129 173 2 1.000 408 134 456 198 2 1.000 
TRAIN_RGB/SpringStrawberries.png 6 214 278 332 421 2 1.000 156 203 295 331 2 1.000 264 18 482 292 2 1.000 91 55 280 238 2 1.000 44 119 108 224 2 1.000 6 18 108 129 2 1.000 
TRAIN_RGB/Strawberry-Close-up.png 11 637 326 879 627 2 1.000 555 284 696 435 2 1.000 467 504 700 714 2 1.000 346 260 524 442 2 1.000 175 115 320 261 2 1.000 194 549 326 679 2 1.000 19 423 124 530 2 1.000 131 486 214 580 2 1.000 89 308 211 419 2 1.000 55 554 142 654 2 1.000 158 556 230 641 2 1.000 
TRAIN_RGB/ar130598387413248.png 5 292 155 383 229 2 1.000 172 127 288 216 2 1.000 140 218 243 326 2 1.000 81 173 163 277 2 1.000 43 93 134 185 2 1.000 
TRAIN_RGB/berryfieldB1.png 13 273 243 510 436 2 1.000 450 178 582 331 2 1.000 586 267 767 466 2 1.000 704 333 933 570 2 1.000 894 383 1021 534 2 1.000 878 523 1030 666 2 1.000 749 530 894 684 2 1.000 763 669 884 770 2 1.000 563 596 748 751 2 1.000 509 427 675 630 2 1.000 648 438 769 595 2 1.000 431 552 560 685 2 1.000 281 478 449 648 2 1.000 
TRAIN_RGB/iStock-strawberries-closeup-web.png 5 54 261 262 524 2 1.000 541 184 829 377 2 1.000 795 220 1012 417 2 1.000 641 370 858 581 2 1.000 638 65 898 190 2 1.000 
TRAIN_RGB/image_0101.png 8 723 105 893 351 2 1.000 693 352 862 604 2 1.000 556 330 708 581 2 1.000 479 403 636 659 2 1.000 352 462 552 756 2 1.000 224 424 373 611 2 1.000 126 175 254 330 2 1.000 8 198 96 319 2 1.000 
TRAIN_RGB/img_2304.png 6 11 385 182 629 2 1.000 237 180 376 325 2 1.000 395 248 597 460 2 1.000 316 396 513 559 2 1.000 254 816 406 966 2 1.000 153 371 284 512 2 1.000 
TRAIN_RGB/img_8094_two.png 3 60 276 320 462 2 1.000 294 287 507 548 2 1.000 391 368 705 630 2 1.000 
TRAIN_RGB/maxresdefault-1.png 5 738 409 1298 900 2 1.000 1321 633 1625 960 2 1.000 1723 553 1905 1038 2 1.000 472 544 705 723 2 1.000 1545 540 1745 716 2 1.000 
TRAIN_RGB/memorial-day-and-fifer-orchards-079.png 1 388 195 687 465 2 1.000 
TRAIN_RGB/midorikawa-strawberry-farm_228041.png 10 409 234 544 396 2 1.000 296 258 426 378 2 1.000 248 134 398 246 2 1.000 249 227 345 344 2 1.000 132 181 267 304 2 1.000 119 172 192 251 2 1.000 401 36 521 118 2 1.000 103 148 145 267 2 1.000 30 114 134 200 2 1.000 44 37 142 120 2 1.000 
TRAIN_RGB/p1050832-1.png 11 1168 722 1360 912 2 1.000 841 701 1004 911 2 1.000 778 623 952 759 2 1.000 976 682 1080 801 2 1.000 1322 415 1400 566 2 1.000 327 595 467 753 2 1.000 328 507 472 608 2 1.000 201 549 344 705 2 1.000 156 460 272 594 2 1.000 220 297 338 378 2 1.000 262 453 341 528 2 1.000 
TRAIN_RGB/strawberries-1.png 6 1054 605 1491 1121 2 1.000 661 348 1129 847 2 1.000 449 749 798 1118 2 1.000 375 259 726 633 2 1.000 1525 126 1696 427 2 1.000 610 38 852 293 2 1.000 
TRAIN_RGB/strawberries-polytunnel.png 17 316 519 526 794 2 1.000 413 808 541 971 2 1.000 307 889 441 1098 2 1.000 156 899 321 1059 2 1.000 434 961 535 1065 2 1.000 556 727 672 877 2 1.000 390 340 472 480 2 1.000 677 581 763 729 2 1.000 658 777 744 899 2 1.000 831 658 934 794 2 1.000 919 677 1025 760 2 1.000 1016 671 1106 787 2 1.000 872 426 979 544 2 1.000 764 113 893 271 2 1.000 811 240 878 332 2 1.000 1109 687 1187 779 2 1.000 497 670 591 896 2 1.000 
TRAIN_RGB/strawberries-rd-1024x768.png 6 76 390 372 655 2 1.000 369 394 566 606 2 1.000 582 387 749 540 2 1.000 648 507 885 731 2 1.000 800 350 1015 581 2 1.000 225 209 464 392 2 1.000 
TRAIN_RGB/strawberries.png 20 79 443 279 632 2 1.000 252 578 441 734 2 1.000 506 506 708 715 2 1.000 683 505 876 679 2 1.000 591 421 715 543 2 1.000 708 367 865 534 2 1.000 817 340 932 473 2 1.000 733 154 883 285 2 1.000 682 269 805 394 2 1.000 805 289 926 364 2 1.000 346 210 539 385 2 1.000 474 178 579 309 2 1.000 284 117 425 279 2 1.000 230 247 358 376 2 1.000 220 383 353 509 2 1.000 64 224 248 401 2 1.000 148 131 268 247 2 1.000 796 68 931 163 2 1.000 387 458 499 555 2 1.000 525 294 628 406 2 1.000 
TRAIN_RGB/strawberry-picking-at.png 4 215 318 294 432 2 1.000 110 317 211 429 2 1.000 63 284 134 396 2 1.000 139 284 192 342 2 1.000 
TRAIN_RGB/strawberry_-014_01_zoom.png 2 114 125 509 474 2 1.000 494 187 783 466 2 1.000 
TRAIN_RGB/strawberryplant.png 7 24 192 177 354 2 1.000 130 117 291 324 2 1.000 280 177 357 279 2 1.000 303 34 461 246 2 1.000 440 38 496 146 2 1.000 83 37 245 156 2 1.000 242 42 325 162 2 1.000 
TRAIN_RGB/strawberryplants.png 5 35 167 158 328 2 1.000 334 116 512 236 2 1.000 494 138 634 256 2 1.000 403 235 531 348 2 1.000 391 28 575 115 2 1.000 
TRAIN_RGB/yum.png 7 616 324 733 434 2 1.000 527 256 605 336 2 1.000 402 272 499 359 2 1.000 318 296 423 408 2 1.000 259 264 339 354 2 1.000 265 163 336 271 2 1.000 138 72 204 149 2 1.000